++++++++
DBAP ARTICLE	2019	S.Mutlu, B.Bilgen, M.Ghallali
(x-y)		Number_of_Vessels-Number_of_Berths
++++++++



++++++++
10-10
++++++++
INPUTS

EST	=	60,58,23,43,71,91,40,15,74,42
ETA	=	64,67,36,50,84,109,55,34,91,47
P	=	36,38,25,31,35,24,31,12,27,38
L	=	2,4,2,4,4,3,2,2,1,4
COST1	=	1,3,2,1,1,3,2,2,1,3
COST2	=	3,1,2,2,3,4,2,1,1,2




++++++++
15-10
++++++++
INPUTS

EST	=	14,39,1,5,25,17,29,43,37,20,7,64,88,53,28
ETA	=	28,58,6,24,34,30,39,49,42,33,27,78,100,61,41
P	=	40,28,24,30,27,26,31,36,39,30,23,20,16,20,30
L	=	1,1,2,3,1,3,1,2,3,3,2,1,2,2,3
COST1	=	3,4,4,1,4,1,5,4,1,5,4,3,4,3,4
COST2	=	1,4,3,3,3,4,5,4,3,1,5,1,5,2,5
CB	=	4,7




++++++++
20-10
++++++++
INPUTS

EST	=	24,83,29,26,88,37,9,145,5,147,27,147,124,141,141,94,84,48,72,113
ETA	=	34,90,47,30,106,52,13,157,10,152,37,158,136,159,153,103,91,62,87,127
P	=	31,27,38,23,40,32,40,20,21,19,29,23,13,31,18,23,26,15,29,33
L	=	1,2,1,3,3,1,3,1,2,2,2,2,2,1,3,2,1,1,2,1
COST1	=	5,4,4,2,3,3,1,5,3,2,5,2,4,1,3,5,4,4,2,2
COST2	=	4,5,2,3,1,2,3,3,4,2,5,2,4,1,3,1,5,2,1,2
CB	=	4,7




++++++++
20-20
++++++++
INPUTS

EST	=	129,55,125,112,119,154,131,150,151,6,100,145,111,96,33,4,83,108,51,160
ETA	=	148,81,142,136,152,186,166,186,171,31,131,182,125,129,71,23,120,147,74,183
P	=	35,27,38,12,33,37,24,13,22,19,30,26,21,33,37,38,38,33,32,30
L	=	3,2,1,2,2,3,2,3,3,3,3,2,2,1,1,3,1,1,3,3
COST1	=	5,1,2,3,4,4,1,4,4,5,1,1,5,3,1,2,1,2,3,1
COST2	=	3,3,3,4,4,3,2,4,2,4,5,4,3,3,3,4,1,1,4,3
CB	=	7,14




++++++++
30-20
++++++++
INPUTS

EST	=	56,151,9,16,57,59,97,56,46,104,142,39,160,56,149,11,136,76,59,137,94,41,67,152,27,55,80,57,84,69
ETA	=	88,189,48,55,97,79,122,85,71,141,163,57,179,81,178,42,169,105,89,174,116,70,78,166,43,80,104,74,118,102
P	=	26,29,29,15,23,10,24,18,37,37,23,34,27,28,37,36,21,40,39,10,22,14,22,37,21,14,27,24,32,22
L	=	1,3,3,1,2,3,1,1,3,1,2,3,3,2,1,3,1,3,3,1,3,3,2,1,2,3,3,1,2,3
COST1	=	5,1,5,1,4,2,5,3,4,2,2,5,3,5,1,4,1,2,1,3,4,1,4,2,3,3,1,1,4,2
COST2	=	5,3,4,4,1,2,1,3,2,4,2,5,1,3,1,5,2,3,5,1,2,4,3,4,3,3,3,1,1,5
CB	=	7,14




++++++++
40-20
++++++++
INPUTS

EST	=	158,34,119,7,109,32,80,88,6,14,82,3,154,28,142,155,57,6,61,82,15,100,19,146,117,110,70,98,17,147,39,42,22,104,110,47,114,69,160,135
ETA	=	184,73,133,32,119,47,104,126,20,48,100,33,165,43,172,192,70,45,81,95,37,120,44,161,156,140,96,115,53,167,57,61,38,134,147,62,125,92,196,166
P	=	15,17,31,40,18,28,36,16,25,17,21,27,19,18,32,32,22,29,22,13,14,37,22,39,26,17,20,24,12,27,11,19,29,16,34,17,35,22,13,34
L	=	1,1,3,3,3,2,3,2,2,2,3,3,1,3,1,1,2,1,1,2,3,1,2,2,3,3,2,3,1,2,3,1,2,2,2,3,1,2,3,1
COST1	=	3,5,4,5,2,1,5,5,1,1,4,2,3,5,4,4,2,3,1,1,5,5,3,4,1,2,3,4,2,5,1,4,4,1,1,1,4,3,5,5
COST2	=	5,2,4,5,3,2,3,3,2,5,5,1,2,4,2,4,2,5,5,1,3,5,4,3,1,1,4,4,1,5,1,1,1,4,3,2,2,1,2,4
CB	=	7,14




++++++++
30-30
++++++++
INPUTS

EST	=	12,26,53,149,17,53,67,139,22,134,23,66,28,92,137,135,96,53,106,67,96,8,29,23,102,2,15,134,160,155
ETA	=	52,39,76,186,40,77,97,164,44,158,42,82,62,111,153,159,107,83,131,103,108,46,45,61,138,28,41,152,194,168
P	=	13,10,35,28,35,12,19,25,13,19,16,38,40,19,18,19,29,36,15,37,40,28,22,37,27,29,11,10,30,25
L	=	1,1,1,3,2,1,3,1,1,3,3,3,1,1,2,2,2,2,1,3,3,1,3,1,3,3,1,2,3,1
COST1	=	1,2,1,3,1,1,5,1,2,3,4,3,5,3,4,5,2,2,5,2,5,5,2,3,3,1,5,4,2,5
COST2	=	5,2,1,1,5,4,3,3,3,4,3,1,2,5,4,4,5,2,5,2,3,2,4,5,3,4,3,5,4,2
CB	=	10,20




++++++++
45-30
++++++++
INPUTS

EST	=	44,24,53,53,126,118,15,57,44,90,1,110,58,150,88,84,33,73,9,40,38,145,147,112,3,55,55,38,134,104,2,38,118,44,15,56,92,156,3,97,136,44,12,15,46
ETA	=	75,44,72,91,165,153,37,97,84,124,29,135,96,164,104,105,59,90,25,57,63,168,157,134,41,66,79,71,166,119,20,68,136,76,27,86,115,182,33,120,159,69,50,42,60
P	=	19,18,13,27,20,29,14,35,14,24,37,17,34,22,30,40,26,17,26,21,17,34,16,13,40,26,34,26,34,31,40,23,34,31,32,16,15,33,30,14,26,28,17,19,28
L	=	3,1,1,2,2,3,3,1,2,3,3,2,1,2,3,3,3,3,1,2,3,2,2,2,3,2,2,3,3,2,3,3,3,3,2,2,3,3,2,2,3,2,2,3,3
COST1	=	3,4,2,4,4,4,3,4,4,4,2,1,4,4,3,5,4,1,2,5,3,4,5,3,3,2,1,3,4,5,3,5,5,2,3,5,4,5,1,4,3,1,5,3,3
COST2	=	4,5,5,3,5,3,4,1,1,4,2,3,5,4,1,5,3,2,2,2,3,3,3,5,1,4,3,3,3,1,4,1,3,5,5,1,2,4,5,4,2,2,2,2,4
CB	=	10,20




++++++++
60-30
++++++++
INPUTS

EST	=	7,142,96,67,1,68,10,129,33,8,7,15,137,3,118,108,94,128,112,156,24,55,21,73,144,145,81,84,40,8,26,7,39,125,1,2,143,140,144,27,103,105,1,157,113,69,63,67,99,154,32,133,66,98,102,145,5,148,10,39
ETA	=	22,163,131,101,35,79,32,164,43,31,41,28,157,42,151,132,118,156,136,192,44,75,55,87,159,162,96,102,54,36,39,37,66,158,20,21,153,166,165,48,125,140,45,190,123,93,103,94,114,167,52,152,106,137,122,169,46,170,33,50
P	=	27,30,18,25,22,18,16,40,31,38,27,34,40,10,30,32,35,30,13,30,39,10,20,16,28,16,30,31,19,12,29,20,24,14,19,14,22,14,22,38,31,31,13,36,13,19,13,31,22,29,11,27,15,33,33,28,14,14,10,21
L	=	1,3,3,2,3,2,1,3,1,1,2,2,3,2,2,2,3,2,3,2,3,1,3,3,3,3,1,3,2,3,2,2,3,2,2,3,3,2,1,3,1,2,3,2,1,3,2,2,2,1,3,3,3,3,3,2,2,3,1,3
COST1	=	2,4,4,2,1,2,4,3,4,2,3,3,1,4,5,2,1,5,2,1,5,4,1,1,1,5,4,4,1,1,2,2,1,5,5,5,4,4,2,2,5,2,2,1,2,2,4,4,4,3,2,3,3,2,1,3,2,5,3,5
COST2	=	3,3,4,1,5,4,4,2,5,3,3,3,3,1,5,2,3,5,2,1,4,3,5,4,3,5,3,4,3,1,4,3,4,3,2,2,3,3,5,3,3,3,5,1,2,2,4,4,2,2,2,5,3,2,1,3,4,1,4,2
CB	=	10,20